Version 0.9.7
5
 4 11 213 77 128 0 1
 5 80 400 206 81 2 2
 0 153 161 877 276 8 3
 3 410 98 203 58 140 4
 1 266 439 206 81 149 5
 0
12
 255 5 72 227 72 227 72 175 72 175 206 175 206 175 0 1 0 3
 255 5 219 175 219 175 219 175 219 409 219 409 219 409 0 3 0 3
 255 5 323 266 323 266 323 266 323 175 323 175 323 175 0 3 0 3
 255 5 271 409 271 409 271 450 271 450 281 450 281 450 0 3 0 5
 0 5 72 287 94 287 94 199 206 199 206 188 206 188 0 1 0 3
 0 5 281 508 281 508 258 508 258 508 258 422 258 422 0 5 0 3
 0 5 232 422 232 422 232 422 232 188 232 188 232 188 0 3 0 3
 0 5 414 188 414 188 421 188 421 188 421 135 421 135 0 3 0 4
 65280 5 322 450 322 450 322 331 322 331 323 331 323 331 0 5 0 3
 65280 5 336 331 336 331 341 331 341 331 341 450 341 450 0 3 0 5
 65280 5 349 331 349 331 349 333 456 333 456 142 456 142 0 3 0 4
 0 5 401 331 401 331 401 331 401 422 401 422 401 422 0 3 0 3
1
 7086 1 14 317 279 5 0 0 1484 3
